634
903
447
258
209
1267
7129
6078
1161
451
5570
511
211
7113
340
1241
1008
673
4779
847
7533
563
984
5208
777
1000
306
636
6816
681
363
1147
199
2522
4909
4689
4964
6360
588
2792
1866
7215
14554
6562
361
6548
3038
7061
1374
844
7004
1037
761
1143
507
1078
963
7608
14701
1194
194
741
445
735
296
359
702
1052
1061
13851
3163
365
1185
6809
3964
4703
5810
210
483
1478
718
3298
13727
14422
7811
4728
1108
1487
6532
400
1494
889
14011
1177
518
355
2179
8021
4754
665
1488
13783
8076
5745
1020
3366
924
150
424
985
7817
353
1070
4686
7163
4785
196
325
14844
4731
964
351
214
1068
4765
8019
401
369
6184
4725
802
4711
1584
4746
605
1594
820
848
538
442
6385
6973
17821
1600
639
982
6229
5
976
13933
4812
826
898
4307
500
364
14461
2339
6563
821
2093
15352
1090
1137
4756
806
192
676
675
1692
1164
953
502
7236
2366
808
259
7133
6382
4758
661
5051
6178
548
915
3731
6170
514
356
5246
624
326
867
1017
930
916
366
887
573
2514
207
7112
791
549
208
14409
529
191
2408
1255
579
4668
7283
290
13644
780
430
4750
3881
1261
1678
404
905
4655
8009
1056
1681
200
4704
1183
633
856
322
1210
1219
251
4007
198
262
252
7394
533
8103
14360
8077
539
1152
1193
6505
4708
289
7385
857
1257
909
1244
1248
981
7016
1385
1095
6761
914
1635
320
13704
7569
1997
1325
569
1456
1221
1180
1171
3453
7373
7397
324
6880
1378
1495
1181
5313
461
6536
717
3981
6357
1375
4759
13642
7549
7575
1864
6565
8018
877
6172
863
7032
3486
7620
14083
15022
7541
7289
6581
5109
4936
7943
14377
2114
8032
3973
1224
6136
1896
1372
8033
7189
14717
13947
14559
5576
1479
1279
5954
3303
8079
7130
6958
14122
3967
6965
14070
7653
14118
4021
7022
14826
1097
7815
15117
14004
4543
1316
13672
3510
704
6238
3820
13863
1320
4697
897
1192
7629
6852
4552
1228
7420
654
1615
2766
14874
1918
2357
2358
2917
7536
2541
1688
8058
5467
305
7139
2416
7548
6746
3271
13880
2639
555
6728
4691
7331
3984
13951
6753
13853
2406
4817
14619
3065
1098
901
6766
14373
1709
4109
15156
578
14450
421
1074
980
3687
190
1291
5955
6858
7281
13683
1539
14167
13688
13718
7813
7082
3469
15265
1480
7621
15123
2002
15299
162
13688
13876
13989
15218
14381
14525
2641
3374
455
5345
15516
8059
2610
7241
7618
5015
11432
4942
7640
14854
5272
7613
7642
12016
14605
4569
8057
15242
12893
5315
14074
3385
7193
7316
14350
15002
7644
6972
2239
2553
14634
8113
15173
14661
7116
14699
7317
7819
3785
7567
5163
14299
4338
14060
5661
1414
5577
14157
13841
9675
15207
3613
14859
13993
7564
7739
14202
14324
13676
14043
14091
6572
15018
8099
1162
13875
14115
6218
7646
6729
5618
13856
7338
15171
4730
3989
15263
4103
3712
3319
3686
6970
13842
13714
4913
7366
13894
4525
12805
3611
13670
14914
8027
7733
13717
14354
17093
14902
5034
14657
7624
17115
11310
14745
2241
14862
14329
3362
13936
5289
6705
7065
3995
17851
4847
14703
15083
7941
6735
15470
425
14076
14033
3516
3512
14414
6811
7641
14059
8016
15672
14028
14793
14027
7645
14024
14702
14566
14036
13723
17166
8114
14022
13721
12740
932
14026
5551
14038
7625
14068
4561
13884
13669
16711
14296
5458
7020
14112
6739
7783
13878
6255
3864
15326
6966
7619
14037
6999
13874
14010
13844
6987
14132
7568
4539
6885
14364
5462
1473
6888
7821
5127
14665
14379
5573
8040
4538
17164
14007
7650
14872
14944
5383
4533
5450
5119
14595
894
7779
14628
7262
15046
14141
5571
5905
850
13847
15608
15044
14907
14997
15193
15227
14693
14024
15665
7291
15116
14175
16749
6749
7750
14018
7732
13996
4776
4041
6254
7509
804
14558
7655
13831
15179
14635
3122
4963
14621
4094
13652
6227
13866
2886
14179
14361
14533
745
15131
14672
7282
14066
6518
5071
13999
7141
16710
14617
13976
14072
4265
13902
14034
4273
14308
3079
13979
14415
14385
668
15665
4288
7228
5271
5280
17871
14145
15174
14006
6736
6901
14725
3053
14949
3053
4716
13668
13861
15392
14895
7033
3262
2149
3323
14784
6875
5251
14111
3454
4349
1025
13825
4360
6840
6284
14847
7227
14382
3387
2237
17151
7638
13701
11252
14956
14103
5375
7000
6847
14159
14677
13975
5549
14199
14417
7029
6570
6923
7188
13772
8038
7307
5378
6892
8062
720
14201
3696
3440
5463
4555
14754
14727
14489
1107
4568
5156
13962
5616
641
5653
671
15190
5956
13849
14915
5176
7405
15177
13864
15204
7636
263
15183
14436
16709
1609
17548
14109
14385
14024
5119
14161
14410
14085
14962
4679
15227
859
14866
15203
6014
15628
14535
8078
15606